1	2	1000
2	3	1000
3	4	1000
4	5	1000
6	5	1000
1	6	1000
2	6	1000
5	3	1000
9    5     1000
10   4     1000
1       7       1000
7       5       1000
6       7       1000
1       8       1000
8       4       1000
8       6       1000
2      9        1000
10    3        1000
11  12       1000 
11 13        1000
12 14        1000
12 15        1000
12 16        1000
13 14        1000
13 16        1000
14 16        1000
14 17        1000
15 16        1000
15 17        1000
16 17        1000
12 2          1000
14 9          1000
16 6          1000
15 3          1000
17 9          1000
 
